100
1 8 8.292
1 14 8.565
1 38 2.146
1 39 7.475
1 56 4.757
1 64 1.928
1 80 6.816
1 95 4.308
1 98 5.195
1 100 7.788
2 13 1.893
2 16 9.575
2 19 8.378
2 46 0.084
2 49 1.123
2 83 1.583
2 85 1.89
3 31 3.561
3 61 4.208
3 73 3.947
3 77 4.181
4 5 0.02
4 30 9.047
4 40 2.299
4 43 1.44
4 59 7.048
4 79 5.523
4 81 3.612
4 85 8.923
5 27 4.969
5 32 4.737
5 35 3.66
5 53 2.176
5 61 7.303
6 14 9.577
6 32 7.341
6 43 1.042
7 39 3.998
7 47 3.777
7 48 6.728
7 61 6.934
7 67 3.572
7 79 0.952
7 93 9.938
8 14 9.884
8 15 1.436
8 17 2.471
8 18 4.911
8 20 4.287
8 23 0.451
8 28 1.103
8 37 2.739
8 60 0.319
8 61 8.899
8 64 0.933
8 80 1.301
9 11 7.932
9 32 7.726
9 40 1.409
9 55 7.411
9 59 5.209
9 66 0.343
9 88 3.899
9 100 1.841
10 24 7.16
10 25 7.175
10 30 5.205
10 51 8.481
10 59 4.342
10 61 8.832
10 70 4.129
11 14 5.225
11 23 3.037
11 33 9.711
11 48 5.134
11 64 7.264
11 73 5.053
11 83 1.846
11 86 3.513
11 99 3.424
12 33 7.784
12 67 8.744
12 71 1.282
12 73 4.428
12 75 9.961
12 79 6.86
13 21 5.236
13 22 8.864
13 27 1.472
13 59 6.677
13 65 7.776
13 86 6.594
14 15 9.35
14 46 7.515
14 48 6.552
14 50 9.275
14 64 8.824
14 88 1.712
15 28 5.15
15 35 2.284
15 48 3.056
15 96 6.341
16 17 3.022
16 27 6.804
16 43 3.606
16 50 1.478
16 72 3.929
16 85 8.056
17 24 6.659
17 32 9.605
17 47 4.168
17 54 2.586
17 62 6.554
17 63 8.68
17 68 5.196
17 73 4.683
17 75 1.955
17 96 8.993
17 99 3.8
18 23 0.161
18 58 5.194
18 68 7.054
18 77 0.716
18 82 2.169
19 25 5.035
19 37 9.707
19 62 6.577
19 75 2.596
19 84 6.295
20 21 7.267
20 33 2.016
20 41 7.685
21 52 8.023
21 60 7.262
21 64 7.454
21 81 7.566
21 85 5.166
22 27 8.801
22 28 2.341
22 40 2.816
22 52 4.435
22 55 2.758
22 63 1.563
22 80 0.135
22 90 6.844
22 93 3.439
22 96 4.13
22 99 9.991
23 30 5.952
23 48 8.459
23 52 2.685
23 57 5.07
23 61 5.923
23 65 8.59
23 77 1.228
23 84 9.514
23 87 0.395
23 96 7.381
24 31 6.119
24 46 5.182
24 51 4.005
24 66 6.756
24 77 3.753
24 85 3.645
24 100 8.958
25 52 0.54
25 69 3.207
25 86 6.386
25 95 1.27
26 37 2.092
26 69 6.661
26 79 2.916
26 80 1.17
26 85 4.68
26 87 5.467
27 44 1.619
27 48 4.118
27 51 9.739
27 63 9.405
27 64 1.434
27 65 9.676
27 78 7.844
27 83 8.573
27 88 9.687
27 96 9.812
28 52 9.453
28 59 0.004
28 69 9.726
28 91 6.865
29 37 3.158
29 41 6.181
29 47 0.093
29 49 2.751
29 50 2.55
29 53 9.863
29 56 3.45
29 68 1.568
29 70 0.149
29 94 2.354
30 41 5.019
30 45 0.319
30 47 4.178
30 51 1.819
31 64 0.404
32 33 6.007
32 44 1.305
32 78 7.117
32 87 6.138
32 100 5.184
33 65 3.843
33 78 8.4
33 91 4.517
34 51 5.311
34 62 6.186
34 90 7.274
34 93 8.692
35 42 3.227
35 63 0.606
35 79 6.241
35 92 2.565
35 98 7.781
36 60 7.387
36 75 7.38
36 96 2.088
36 99 0.384
37 52 6.257
37 53 3.449
37 58 8.274
37 61 9.117
37 73 0.058
38 55 3.666
38 57 0.082
38 73 5.451
38 87 7.074
39 43 0.361
39 52 7.359
39 65 6.482
39 83 5.042
40 55 8.33
40 58 3.507
41 47 9.466
41 58 5.288
41 73 3.822
41 82 7.046
41 91 1.342
41 94 8.62
41 96 0.466
42 48 1.768
42 72 0.102
42 79 1.147
42 81 3.102
43 68 3.194
43 83 8.999
43 94 3.787
44 46 8.802
44 51 2.104
44 53 8.788
44 59 8.162
44 61 3.803
44 72 6.93
44 88 1.902
44 96 7.584
45 81 6.558
45 85 9.288
46 54 9.869
46 80 8.417
47 73 4.795
47 78 7.785
47 86 6.458
47 98 1.627
48 68 3.417
48 82 2.608
49 67 1.254
49 91 1.663
49 92 7.611
50 73 7.959
50 78 5.436
50 81 1.695
50 86 7.558
50 98 6.76
51 57 8.131
51 86 8.327
52 72 1.505
52 98 0.097
53 57 8.6
53 64 1.297
53 76 5.909
53 79 6.824
53 85 2.243
53 95 5.204
54 72 7.889
54 91 9.244
55 67 9.99
56 79 5.137
56 82 0.296
56 91 6.097
57 84 6.679
57 86 2.677
58 60 6.401
58 68 1.507
58 69 6.961
58 88 4.827
59 65 0.983
59 94 3.965
60 69 0.74
60 73 5.64
60 81 5.455
60 85 2.759
61 64 2.89
61 76 2.835
61 89 0.008
62 71 6.469
62 77 4.088
62 79 5.639
62 81 3.459
62 83 3.764
62 89 5.698
62 95 2.615
63 71 8.642
63 82 5.839
64 66 0.82
64 75 1.424
64 84 7.719
64 88 9.672
64 91 0.399
64 95 4.854
65 75 9.317
65 83 6.519
65 100 5.029
66 73 5.624
66 86 9.472
67 68 1.562
67 91 4.375
67 93 0.132
68 75 3.833
68 76 8.213
70 94 6.182
71 72 6.711
71 76 2.594
71 80 6.199
71 81 2.17
71 100 0.656
72 82 8.578
72 94 1.125
72 100 8.042
73 78 7.644
73 80 1.51
73 97 7.951
73 100 0.41
74 92 4.562
74 95 0.033
74 97 6.307
75 97 5.506
76 81 9.538
76 96 9.551
76 98 9.822
77 90 3.587
78 95 7.044
78 97 6.642
79 80 3.636
79 94 5.807
79 96 4.09
79 97 5.914
81 94 5.791
81 96 1.411
82 86 5.509
83 86 5.067
83 97 4.555
84 88 8.699
84 89 1.862
85 88 8.958
86 92 8.811
86 94 1.84
88 92 8.086
88 95 5.173
89 90 3.642
89 99 9.906
90 95 6.429
91 100 7.994
92 100 8.319
93 97 9.988
95 98 1.605
97 98 6.115
98 100 8.082
